331,3
331,1
327,4
327,3
327,1
326,3
10,146
326,1
10,300
319,4
10,256
319,3
10,276
319,1
10,12
316,3
10,306
316,1
10,278
315,6
10,292
315,5
10,2
315,3
10,3
315,1
313,3
313,1
311,3
11,28
311,1
298,12
298,11
298,10
298,9
298,8
298,7
298,6
298,5
298,4
298,3
298,2
298,1
298,0
294,3
8,16
8,18
8,6
294,1
8,12
292,6
8,7
292,4
8,14
292,1
283,3
283,1
273,3
273,2
273,1
273,0
270,6
270,5
270,4
270,3
270,2
270,1
270,0
261,3
261,1
259,3
259,1
238,14
238,13
238,12
238,11
238,10
238,9
238,8
238,7
238,6
238,5
238,4
238,3
238,1
190,3
190,1
20,3
20,2
20,1
19,2
19,1
14,6
12,3
19,3
12,2
12,1
11,26
11,24
11,22
11,20
11,18
11,16
11,14
11,12
11,10
11,1
11,8
11,3
11,2
10,254
10,222
10,208
18,1
10,140
18,3
10,136
10,84
14,1
10,1
